% %LFC Parameters - Test System 1
f=60; 
B1=0.8;
R1=2.5;
a12=-1;
a1=900;
b1=-18;
c1=100;
d1=50;
Tps1=20;
Tt1=0.3;
Tr1=10;
Kr1=0.33;
Kps1=120;
Tg1=0.08;
T12=0.545;

%BD
% Tf=10; %25
% Cb=200;
% Kbd1=0.85;
% Kbd2=0.095;
% Kbd3=0.92;
% Trb=69;
% Tib=26;%T1b 90
% Kib=0.03; %0.02


% s = tf('s');
% sys = exp(-0.05*s);    
% sysx = pade(sys,2)